20
2 5
0.600000 0.600000
1 20
1.000000
3 4
1.000000 0.900000 0.100000
3 10
0.940672 0.178028 0.820738
2 5
0.914681 0.151321
3 17
0.217155 0.513176 0.036033
3 5
0.517669 0.510400 0.972029
1 4
0.999998
3 42
0.999998 0.999998 1.000000
2 7
0.865174 0.196860
3 100
0.062888 0.051522 0.811081
3 42
0.000004 0.000010 0.000001
2 4
0.000004 0.000011
2 3
0.999999 1.000000
2 7
0.068605 0.959347
2 60
0.945780 0.349889
3 4
1.000000 0.999999 0.529450
1 3
0.000005
3 10
0.159995 0.901601 0.134410
3 10
0.835990 0.908572 0.170522
