100
4
1 1 1 1
50 0 20 20
20
1 1 1 1 1 1 1 1 1 1 1 1 1 1 1 1 1 1 1 1
36 36 36 36 36 36 36 36 36 36 36 36 36 36 36 36 36 36 36 36
6
1 1 1 1 1 1
89 89 51 89 51 89
20
1 1 1 1 1 1 1 1 1 1 1 1 1 1 1 1 1 1 1 1
99 99 99 99 99 99 99 99 99 99 99 99 99 99 99 99 99 99 99 99
10
1 1 1 1 1 1 1 1 1 1
99 12 6 8 57 57 6 12 11 27
9
1 1 1 1 1 1 1 1 1
7 17 7 7 17 17 17 7 7
8
1 1 1 1 1 1 1 1
5 5 5 5 15 5 5 27
12
1 1 1 1 1 1 1 1 1 1 1 1
60 38 52 75 88 30 38 51 33 92 17 33
2
1 1
47 44
12
1 1 1 1 1 1 1 1 1 1 1 1
65 2 13 94 42 20 65 42 20 20 13 93
10
1 1 1 1 1 1 1 1 1 1
29 93 29 29 40 30 15 31 98 93
2
1 1
45 45
11
1 1 1 1 1 1 1 1 1 1 1
32 32 68 27 14 68 27 14 72 72 68
2
1 1
8 33
4
1 1 1 1
41 41 41 41
6
1 1 1 1 1 1
82 82 39 51 39 40
7
1 1 1 1 1 1 1
56 56 56 56 56 56 56
2
1 1
95 33
8
1 1 1 1 1 1 1 1
94 94 94 94 94 94 94 94
3
1 1 1
69 90 27
1
1
12
11
1 1 1 1 1 1 1 1 1 1 1
45 32 32 45 45 32 45 32 32 45 32
1
1
77
1
1
1
1
1
17
2
1 1
19 19
5
1 1 1 1 1
11 11 11 11 11
19
1 1 1 1 1 1 1 1 1 1 1 1 1 1 1 1 1 1 1
15 49 49 95 49 56 58 46 49 95 13 49 49 56 71 95 49 56 71
1
1
79
6
1 1 1 1 1 1
79 0 53 44 17 0
7
1 1 1 1 1 1 1
45 33 76 22 8 24 45
4
1 1 1 1
71 57 75 89
6
1 1 1 1 1 1
87 87 87 87 87 87
6
1 1 1 1 1 1
15 15 15 15 15 15
10
1 1 1 1 1 1 1 1 1 1
28 29 29 28 28 53 29 28 29 29
8
1 1 1 1 1 1 1 1
93 84 84 31 31 84 18 96
1
1
7
11
1 1 1 1 1 1 1 1 1 1 1
28 97 47 30 91 13 6 6 24 65 73
3
1 1 1
40 62 40
3
1 1 1
8 61 61
19
1 1 1 1 1 1 1 1 1 1 1 1 1 1 1 1 1 1 1
50 76 77 50 0 0 26 86 50 50 12 23 23 23 23 31 23 23 0
12
1 1 1 1 1 1 1 1 1 1 1 1
80 50 97 2 50 1 50 87 50 87 45 87
6
1 1 1 1 1 1
79 34 76 76 47 49
3
1 1 1
75 8 85
12
1 1 1 1 1 1 1 1 1 1 1 1
87 84 87 29 64 29 8 35 86 56 10 86
2
1 1
66 66
1
1
98
1
1
29
5
1 1 1 1 1
33 33 44 46 46
3
1 1 1
58 58 58
20
1 1 1 1 1 1 1 1 1 1 1 1 1 1 1 1 1 1 1 1
38 38 38 38 38 38 38 38 38 38 38 38 38 38 38 38 38 38 38 38
7
1 1 1 1 1 1 1
88 67 51 68 33 93 60
5
1 1 1 1 1
2 2 2 2 2
7
1 1 1 1 1 1 1
67 77 67 77 77 77 80
1
1
35
3
1 1 1
8 8 8
4
1 1 1 1
95 66 95 92
5
1 1 1 1 1
82 82 82 40 40
1
1
20
2
1 1
8 23
5
1 1 1 1 1
65 65 16 5 57
7
1 1 1 1 1 1 1
18 45 45 80 18 10 2
3
1 1 1
63 13 63
7
1 1 1 1 1 1 1
65 65 65 65 65 65 65
1
1
51
1
1
37
3
1 1 1
41 41 41
9
1 1 1 1 1 1 1 1 1
65 63 19 65 59 24 21 92 21
3
1 1 1
80 80 77
8
1 1 1 1 1 1 1 1
1 77 78 93 93 22 76 1
16
1 1 1 1 1 1 1 1 1 1 1 1 1 1 1 1
32 32 32 27 32 27 7 7 7 7 7 7 32 7 32 7
11
1 1 1 1 1 1 1 1 1 1 1
64 55 48 64 40 48 40 23 64 64 48
3
1 1 1
81 8 81
2
1 1
80 39
3
1 1 1
28 20 80
8
1 1 1 1 1 1 1 1
71 28 71 28 98 73 73 71
15
1 1 1 1 1 1 1 1 1 1 1 1 1 1 1
55 23 23 55 97 23 55 23 24 97 23 23 28 62 55
1
1
30
7
1 1 1 1 1 1 1
91 79 36 31 31 31 98
12
1 1 1 1 1 1 1 1 1 1 1 1
94 23 60 95 94 43 28 58 41 23 69 59
2
1 1
96 16
20
1 1 1 1 1 1 1 1 1 1 1 1 1 1 1 1 1 1 1 1
16 7 14 6 1 5 17 3 12 9 2 4 15 19 0 10 8 13 18 11
2
1 1
20 10
10
1 1 1 1 1 1 1 1 1 1
20 20 79 20 24 70 41 24 9 83
2
1 1
21 21
9
1 1 1 1 1 1 1 1 1
98 77 51 40 87 97 56 43 38
13
1 1 1 1 1 1 1 1 1 1 1 1 1
0 55 76 18 31 53 54 87 76 83 25 31 93
3
1 1 1
29 29 29
3
1 1 1
17 17 17
7
1 1 1 1 1 1 1
97 97 97 97 97 97 97
14
1 1 1 1 1 1 1 1 1 1 1 1 1 1
12 12 12 12 12 12 12 12 12 12 12 12 12 12
1
1
34
20
1 1 1 1 1 1 1 1 1 1 1 1 1 1 1 1 1 1 1 1
0 0 0 0 0 0 0 0 0 0 0 0 0 0 0 0 0 0 0 0
2
1 1
13 85
8
1 1 1 1 1 1 1 1
44 44 11 4 4 44 56 4
2
1 1
45 45
11
1 1 1 1 1 1 1 1 1 1 1
93 5 72 15 93 76 15 93 5 76 93
3
1 1 1
55 55 55
11
1 1 1 1 1 1 1 1 1 1 1
31 73 31 31 31 9 29 79 79 31 31
1
1
83
