17
0 0.0279329608939
1 0.0195530726257
2 0.0446927374302
3 0.0223463687151
4 0.0810055865922
5 0.106145251397
6 0.0446927374302
7 0.0139664804469
8 0.0223463687151
9 0.0921787709497
10 0.0837988826816
11 0.0391061452514
12 0.108938547486
13 0.0502793296089
14 0.0586592178771
15 0.111731843575
16 0.072625698324
56
3 15 4
10 11 8
13 6 16
0 14 12
8 0 6
12 1 13
10 12 2
12 5 15
4 12 17
13 8 6
16 14 13
3 7 10
0 3 15
7 2 15
10 8 5
14 2 3
4 9 11
7 15 9
15 11 9
1 14 5
8 10 3
13 16 10
1 5 16
0 11 15
11 1 17
16 15 10
2 8 4
8 15 11
6 4 2
5 4 6
14 10 2
7 1 3
4 5 6
10 13 10
11 9 8
2 10 10
11 0 17
15 7 14
2 14 13
11 12 5
14 11 13
9 13 16
16 5 16
15 2 4
5 16 12
8 12 5
9 2 15
4 15 17
5 7 12
2 11 6
12 6 5
6 13 10
15 9 15
14 3 5
6 16 15
9 12 10
