29541090
2022161 2022161 2022161
2210269 2210269 2210269
2318087 2318087 2318087
2568691 2568691 2568691
3065857 3065857 3065857
2492431 2492431 2492431
2614013 2614013 2614013
2896609 2896609 2896609
3457243 3457243 3457243
2857177 2857177 2857177
3166061 3166061 3166061
3778847 3778847 3778847
3320503 3320503 3320503
3963181 3963181 3963181
4391633 4391633 4391633
2774593 2774593 2774593
2909939 2909939 2909939
3224527 3224527 3224527
3848629 3848629 3848629
3180631 3180631 3180631
3524483 3524483 3524483
4206641 4206641 4206641
3696409 3696409 3696409
4411843 4411843 4411843
4888799 4888799 4888799
3586669 3586669 3586669
3974417 3974417 3974417
4743659 4743659 4743659
4168291 4168291 4168291
4975057 4975057 4975057
5512901 5512901 5512901
4556039 4556039 4556039
5437853 5437853 5437853
6025729 6025729 6025729
6319667 6319667 6319667
