50
191 77 0 1 77 0 77 78 0 1 0 0 0 1 0 78 0 77 78 77 77 0 77 0 0 1 0 1 77 78 77 77 78 1 0 77 1 1 0 78 78 1 78 77 77 78 1 77 78 0 0 77 77 1 78 1 78 77 0 78 1 1 0 77 78 1 1 0 77 1 0 77 1 78 0 77 78 0 1 78 77 1 1 78 0 0 78 78 78 78 0 0 77 1 1 77 0 0 77 77 78 1 77 78 1 1 78 78 1 78 1 77 77 78 0 78 78 78 1 77 0 77 78 77 78 0 77 1 0 0 1 0 0 0 0 77 78 77 0 78 78 1 77 1 1 78 0 0 77 78 78 78 78 1 0 1 77 78 78 1 1 0 1 77 78 1 1 78 0 1 1 78 78 77 0 77 1 1 1 77 78 1 78 1 0 1 77 78 0 78 78 0
143 42 46 48 49 45 48 50 48 50 46 44 42 46 45 46 49 44 45 43 42 50 49 43 48 43 50 50 49 44 47 48 45 42 50 46 47 46 44 46 46 48 44 42 45 45 42 49 46 43 46 46 43 49 43 49 46 50 49 44 44 42 44 50 46 42 45 45 48 50 43 49 47 44 42 44 48 44 46 48 47 43 48 42 49 47 50 45 42 44 48 45 45 49 43 47 47 42 46 47 50 48 47 43 42 45 43 44 43 49 46 49 45 46 47 49 50 49 47 46 100 46 44 50 47 44 45 49 44 42 42 46 44 47 43 46 45 45 48 45 44 48 42 46
155 71 1 71 72 1 71 0 72 71 71 0 71 0 71 1 1 72 71 0 0 71 1 72 72 0 72 72 72 1 72 1 72 71 0 72 72 72 72 72 0 0 71 72 71 71 0 1 72 1 1 71 72 71 1 71 1 1 1 72 0 1 0 72 0 72 0 72 71 72 72 0 0 1 0 1 71 1 72 72 72 1 0 1 71 72 1 72 1 71 1 71 1 0 72 1 0 1 71 1 72 71 0 71 72 0 72 71 72 1 72 1 71 1 0 1 72 1 1 0 72 1 1 71 72 71 72 1 0 1 1 0 1 72 72 71 72 0 1 71 1 0 0 0 0 1 1 0 0 72 72 71 1 1 72 71
123 37 46 47 39 49 48 41 40 42 46 39 38 46 49 47 40 45 49 46 48 100 37 47 48 43 40 39 43 38 50 41 36 44 47 42 46 47 47 38 41 43 43 50 43 38 45 42 50 45 44 39 37 48 49 42 42 44 37 44 45 37 37 50 50 48 40 45 48 37 41 36 41 37 42 37 36 38 46 42 41 45 49 48 36 39 46 49 36 50 40 40 44 41 49 45 41 43 36 45 39 47 42 38 46 41 36 40 39 46 44 36 41 44 41 38 43 40 45 46 36 38 37 38
154 56 65 41 64 43 53 54 42 48 70 50 54 68 42 67 44 56 40 38 53 65 64 38 38 37 49 50 47 46 62 35 40 35 64 58 52 50 46 61 40 52 49 43 69 61 35 53 45 65 70 62 39 52 70 48 63 49 68 66 64 37 66 49 44 60 63 42 38 41 49 67 66 67 49 63 63 55 44 41 64 40 37 67 50 67 67 59 53 56 36 49 55 45 61 61 53 70 69 50 54 35 40 58 69 35 36 39 38 68 56 61 67 48 57 56 62 69 57 45 39 39 58 70 64 60 59 51 43 46 53 37 44 51 42 60 63 52 38 51 64 40 67 51 62 52 44 58 68 45 54 61 59 61 62
2 9 78
106 0 0 0 0 0 0 0 0 0 0 0 0 0 0 0 0 0 0 0 0 0 0 0 0 0 0 0 0 0 0 0 0 0 0 0 0 0 0 0 0 0 0 0 0 83 0 0 0 0 0 0 0 0 0 0 0 0 0 0 0 0 0 0 0 0 0 0 0 0 0 0 0 0 0 0 0 0 0 0 0 0 0 0 0 0 0 0 0 0 0 0 0 0 0 0 0 0 0 0 0 0 0 0 0 0 0
139 63 1 64 64 0 64 0 63 1 1 63 63 64 1 0 63 1 63 64 1 64 1 0 1 1 63 63 63 64 64 63 63 1 1 64 0 1 0 64 1 64 63 1 0 64 63 63 0 1 1 63 63 63 1 1 64 0 1 0 64 1 63 0 0 64 64 0 64 1 63 0 64 1 0 63 64 64 0 1 0 1 1 64 0 63 64 0 0 1 1 0 64 0 64 64 64 0 64 0 0 0 63 64 64 1 64 1 64 63 64 1 1 1 64 63 63 0 64 1 63 1 64 1 64 64 63 1 63 0 64 1 63 1 63 0 1 1 0 63
164 97 92 42 50 68 55 34 41 85 91 55 41 55 61 28 65 29 9 23 91 11 4 58 51 6 16 22 97 83 12 95 61 32 39 50 75 91 73 72 82 85 87 84 92 68 31 91 0 61 29 70 60 4 69 71 77 97 46 5 79 30 99 88 86 10 78 84 66 51 37 14 35 99 75 2 18 39 77 84 85 43 34 53 11 15 52 12 68 99 39 96 67 92 81 12 21 43 22 84 38 1 1 31 1 50 69 1 98 56 73 22 11 80 0 57 37 83 31 62 80 50 47 17 24 9 96 77 45 61 11 14 7 18 98 88 0 77 68 45 97 36 38 80 18 71 55 99 17 99 84 7 37 34 65 31 89 47 52 24 19 9 71 94 46
86 40 35 64 38 30 92 32 26 25 55 85 76 17 18 13 30 49 94 45 15 10 81 39 84 92 65 5 56 78 35 60 85 57 56 42 92 33 27 48 74 55 66 60 40 64 6 13 28 68 6 17 48 43 100 64 38 19 43 76 94 66 43 4 96 2 35 26 58 13 96 70 5 71 79 83 86 9 21 55 59 7 59 30 91 27 61
137 0 0 0 0 0 0 0 0 0 0 0 0 0 0 0 0 0 0 0 0 0 0 0 0 0 0 0 0 0 0 0 0 0 0 0 0 0 0 0 0 0 0 0 0 0 0 0 0 0 0 0 0 0 0 0 57 0 0 0 0 0 0 0 0 0 0 0 0 0 0 0 0 0 0 0 0 0 0 0 0 0 0 0 0 0 0 0 0 0 0 0 0 0 0 0 0 0 0 0 0 0 0 0 0 0 0 0 0 0 0 0 0 0 0 0 0 0 0 0 0 0 0 0 0 0 0 0 0 0 0 0 0 0 0 0 0 0
146 0 0 0 0 0 0 0 0 0 0 0 0 0 0 0 0 0 0 0 0 0 0 0 0 0 0 0 0 0 0 0 0 0 0 0 0 0 0 0 0 0 0 0 0 0 0 0 0 0 0 0 0 0 0 0 0 0 0 0 0 0 0 0 0 0 0 0 0 0 0 0 0 0 0 0 0 0 73 0 0 0 0 0 0 0 0 0 0 0 0 0 0 0 0 0 0 0 0 0 0 0 0 0 0 0 0 0 0 0 0 0 0 0 0 0 0 0 0 0 0 0 0 0 0 0 0 0 0 0 0 0 0 0 0 0 0 0 0 0 0 0 0 0 0 0 0
135 0 53 53 54 0 54 54 0 0 53 1 0 0 0 1 53 53 0 54 54 53 53 0 54 54 54 1 53 1 53 54 1 0 1 0 53 53 0 53 1 1 1 0 0 54 53 53 0 54 0 0 54 54 53 53 53 53 54 1 1 0 54 54 54 1 0 0 53 54 53 1 53 1 53 53 54 53 1 0 1 0 1 0 1 1 1 0 0 54 1 53 1 53 0 53 54 54 0 54 54 0 0 53 1 1 54 1 0 1 1 1 54 1 53 53 54 54 54 1 0 0 54 53 0 54 54 53 0 53 0 54 53 1 0 1
122 0 0 0 0 0 0 0 0 0 0 0 0 0 0 0 0 0 0 0 0 0 0 0 0 0 0 0 0 0 0 0 0 0 0 0 0 0 0 0 0 0 0 0 0 0 0 0 0 0 0 0 0 0 0 0 0 0 0 0 0 0 0 0 0 0 0 0 0 0 0 0 0 0 0 0 0 0 0 0 0 0 0 0 0 0 0 0 0 0 0 0 0 0 0 0 0 0 0 0 0 0 0 0 0 0 0 0 0 0 65 0 0 0 0 0 0 0 0 0 0 0 0
2 68 91
133 0 0 0 54 0 0 0 0 0 0 0 0 0 0 0 0 0 0 0 0 0 0 0 0 0 0 0 0 0 0 0 0 0 0 0 0 0 0 0 0 0 0 0 0 0 0 0 0 0 0 0 0 0 0 0 0 0 0 0 0 0 0 0 0 0 0 0 0 0 0 0 0 0 0 0 0 0 0 0 0 0 0 0 0 0 0 0 0 0 0 0 0 0 0 0 0 0 0 0 0 0 0 0 0 0 0 0 0 0 0 0 0 0 0 0 0 0 0 0 0 0 0 0 0 0 0 0 0 0 0 0 0 0
101 79 78 78 0 0 0 1 78 0 1 78 0 79 0 78 79 79 0 0 0 79 1 79 0 79 79 79 78 78 1 0 78 79 1 79 79 0 79 78 78 78 1 79 0 0 79 79 0 79 0 78 0 78 1 1 0 1 78 0 79 0 79 0 1 1 0 78 79 1 79 0 78 79 78 1 79 1 79 1 79 78 1 1 78 1 1 78 0 0 78 1 0 78 79 1 1 78 1 1 1 78
2 64 82
103 66 79 43 71 67 78 77 63 41 48 54 51 70 71 46 71 58 50 40 70 78 55 69 71 79 65 50 76 51 68 48 52 67 63 52 57 59 77 79 70 66 70 49 63 48 49 40 74 40 41 51 68 43 50 79 45 59 55 64 54 49 45 78 48 45 77 67 43 68 76 59 56 47 80 73 53 75 40 60 59 74 67 59 40 49 72 79 62 68 48 49 50 64 80 66 69 72 54 75 68 73 61 73
174 0 0 0 0 0 0 0 0 0 0 0 0 0 0 0 0 0 0 0 0 0 0 0 0 0 0 0 0 0 0 0 0 0 0 0 0 0 0 0 0 0 0 0 0 0 0 0 0 0 0 0 0 0 0 0 0 0 0 0 0 0 0 0 0 0 0 0 0 0 0 0 0 92 0 0 0 0 0 0 0 0 0 0 0 0 0 0 0 0 0 0 0 0 0 0 0 0 0 0 0 0 0 0 0 0 0 0 0 0 0 0 0 0 0 0 0 0 0 0 0 0 0 0 0 0 0 0 0 0 0 0 0 0 0 0 0 0 0 0 0 0 0 0 0 0 0 0 0 0 0 0 0 0 0 0 0 0 0 0 0 0 0 0 0 0 0 0 0 0 0 0 0 0 0
193 50 42 40 46 42 50 44 45 38 44 50 48 37 48 44 46 39 35 49 44 43 40 50 40 39 38 38 42 50 39 39 45 50 49 37 37 44 36 37 41 35 40 37 39 36 44 40 46 48 41 49 46 50 50 42 38 46 36 44 49 44 47 40 48 48 39 41 50 39 38 46 50 38 49 42 41 41 39 43 38 50 47 37 45 41 42 43 36 39 50 39 42 39 47 37 41 50 49 40 41 42 44 39 50 41 48 47 44 42 42 47 44 49 50 39 43 50 41 35 38 39 39 36 49 49 49 50 43 41 46 44 35 43 42 45 38 44 43 35 39 42 47 38 50 41 35 50 41 35 39 35 50 43 36 37 45 41 35 38 43 41 45 48 50 44 35 38 46 40 43 46 44 35 39 39 41 47 50 35 44 35 41 40 40 44 44 35 45 49 50 44 47 100
200 100 100 100 100 100 100 100 100 100 100 100 100 100 100 100 100 100 100 100 100 100 100 100 100 100 100 100 100 100 100 100 100 100 100 100 100 100 100 100 100 100 100 100 100 100 100 100 100 100 100 100 100 100 100 100 100 100 100 100 100 100 100 100 100 100 100 100 100 100 100 100 100 100 100 100 100 100 100 100 100 100 100 100 100 100 100 100 100 100 100 100 100 100 100 100 100 100 100 100 100 100 100 100 100 100 100 100 100 100 100 100 100 100 100 100 100 100 100 100 100 100 100 100 100 100 100 100 100 100 100 100 100 100 100 100 100 100 100 100 100 100 100 100 100 100 100 100 100 100 100 100 100 100 100 100 100 100 100 100 100 100 100 100 100 100 100 100 100 100 100 100 100 100 100 100 100 100 100 100 100 100 100 100 100 100 100 100 100 100 100 100 100 100 100 100 100 100 100 100 100
43 34 12 55 55 22 65 67 89 51 37 64 74 2 60 88 23 74 86 2 19 86 88 48 98 70 0 90 82 26 53 30 31 34 97 70 0 98 92 74 48 55 81 49
2 28 28
191 0 0 92 93 93 1 93 93 0 0 1 1 0 0 93 93 93 1 92 0 1 0 92 1 92 1 93 0 0 93 1 92 92 0 0 1 1 0 93 92 0 1 93 93 1 92 1 0 92 93 93 93 1 1 93 93 1 92 0 0 93 92 1 93 93 0 1 93 93 93 1 93 0 0 93 93 0 1 1 1 0 93 0 0 1 93 1 93 92 93 93 92 0 1 93 93 0 93 1 1 1 93 0 1 93 92 93 93 1 92 1 93 1 0 93 93 1 92 92 1 93 93 0 93 1 92 92 92 93 93 1 0 0 0 1 1 93 0 92 0 93 0 0 1 1 93 93 93 93 0 92 1 0 93 1 0 93 93 0 92 93 93 1 93 93 0 92 1 92 93 0 0 93 0 93 0 1 92 93 0 92 0 1 93 92 93 0 92 0 92 1
2 1 2
168 0 0 0 0 0 0 0 0 0 0 0 0 0 0 0 0 0 0 0 0 0 0 0 0 0 0 0 0 0 0 0 0 0 0 0 0 0 0 0 0 0 0 0 0 0 0 0 0 0 0 0 0 0 0 0 0 0 0 0 0 0 0 0 0 0 0 0 0 0 0 0 0 0 79 0 0 0 0 0 0 0 0 0 0 0 0 0 0 0 0 0 0 0 0 0 0 0 0 0 0 0 0 0 0 0 0 0 0 0 0 0 0 0 0 0 0 0 0 0 0 0 0 0 0 0 0 0 0 0 0 0 0 0 0 0 0 0 0 0 0 0 0 0 0 0 0 0 0 0 0 0 0 0 0 0 0 0 0 0 0 0 0 0 0 0 0 0 0
165 1 73 72 73 1 1 72 0 73 72 1 73 73 0 1 1 0 1 1 1 0 73 73 0 73 73 0 73 0 0 72 72 73 73 72 73 1 0 72 72 0 1 72 0 72 1 0 0 72 0 72 0 73 73 72 0 72 72 1 0 73 73 0 72 0 1 73 0 73 0 73 0 0 72 1 73 1 73 72 0 73 0 73 72 1 0 1 1 72 72 73 1 0 72 72 72 0 0 1 72 72 72 0 72 1 72 0 0 73 1 73 1 72 73 73 73 1 72 1 0 1 0 73 73 1 73 73 1 72 73 72 1 73 72 73 0 73 73 0 73 1 0 1 73 72 72 0 1 0 1 1 0 73 0 0 0 73 0 1 73 73 0 0 73 1
193 74 85 83 99 67 53 51 53 61 88 72 64 66 69 95 63 79 90 74 91 65 52 67 53 79 82 50 51 87 50 77 55 85 93 67 72 54 80 69 54 88 50 86 73 86 98 96 76 54 69 58 97 78 93 55 64 89 73 86 69 71 97 71 57 59 55 100 95 56 54 84 52 89 79 71 74 74 82 88 92 53 62 100 91 89 85 85 67 68 85 66 93 88 98 54 53 88 60 99 93 50 82 61 84 70 95 70 99 100 73 86 54 78 72 67 79 93 66 92 70 88 80 82 93 92 95 77 52 55 64 84 92 85 71 67 56 88 77 81 63 91 51 97 81 53 86 87 60 54 55 95 78 94 64 96 95 84 91 77 69 90 83 65 99 88 58 81 58 95 68 59 78 59 81 50 65 97 95 65 51 69 63 61 59 91 62 99 51 67 50 72 89 72
171 55 62 65 75 47 50 49 42 79 68 79 68 73 55 59 59 80 48 75 41 56 81 56 46 78 65 74 68 52 44 49 52 65 42 49 80 68 64 69 47 62 54 50 54 50 44 64 78 69 82 56 63 53 49 74 77 41 50 71 41 51 82 82 71 60 57 51 76 55 52 75 41 70 67 71 73 56 52 56 43 78 59 81 75 45 51 52 81 81 47 77 59 69 76 50 82 81 65 41 51 46 76 69 71 56 52 41 70 45 63 72 79 49 73 70 47 54 57 51 50 75 53 44 72 75 52 50 41 74 65 82 42 58 65 71 69 68 57 52 55 82 82 56 81 67 48 80 75 43 79 80 41 52 69 77 63 43 67 79 41 82 68 43 59 66 74 50 42 58 53 68
57 98 43 26 61 90 49 48 61 74 73 75 22 42 58 41 33 10 65 82 87 6 7 62 30 40 52 19 37 73 36 4 18 90 44 67 86 19 64 11 20 83 91 38 61 32 3 94 72 80 67 75 79 42 8 85 36 6
50 50 25 81 47 9 0 67 99 16 33 21 8 56 55 96 9 96 51 28 72 24 71 39 19 2 14 24 15 46 57 50 90 99 85 66 98 70 17 93 84 98 8 25 28 67 95 77 77 6 32
163 0 0 0 0 0 0 0 0 0 0 0 0 0 0 0 0 0 0 0 0 0 0 0 0 0 0 0 0 0 0 0 0 0 0 0 0 0 0 0 0 0 0 0 0 0 0 0 0 0 0 0 0 0 0 0 0 0 0 0 0 0 0 0 0 0 0 0 0 0 0 0 0 0 0 0 0 0 0 0 0 0 0 0 0 0 0 0 0 0 0 0 0 0 0 0 0 0 0 0 0 0 0 0 0 0 0 0 66 0 0 0 0 0 0 0 0 0 0 0 0 0 0 0 0 0 0 0 0 0 0 0 0 0 0 0 0 0 0 0 0 0 0 0 0 0 0 0 0 0 0 0 0 0 0 0 0 0 0 0 0 0 0 0
194 42 44 49 38 41 41 36 42 35 34 43 36 48 100 42 44 39 50 49 48 45 43 34 38 34 41 34 41 34 35 42 43 36 39 43 42 40 40 39 40 34 40 44 40 37 34 49 45 36 37 50 43 40 43 44 34 50 35 48 35 35 46 47 37 44 43 46 42 39 41 44 44 46 37 43 43 49 42 41 36 37 38 44 39 50 36 35 41 48 39 47 42 37 35 49 48 42 46 50 38 46 44 34 36 43 34 50 35 44 50 39 39 40 37 39 37 40 40 50 46 34 41 46 40 47 50 34 36 38 48 43 35 46 50 35 42 37 50 41 46 34 38 34 42 42 41 45 37 40 48 39 40 38 45 44 47 34 40 38 47 40 40 43 50 35 48 50 38 42 38 49 34 49 49 40 43 34 36 50 45 40 50 42 34 34 36 43 40 36 34 43 47 34 48
188 76 76 76 76 76 76 76 76 76 76 76 76 76 76 76 76 76 76 76 76 76 76 76 76 76 76 76 76 76 76 76 76 76 76 76 76 76 76 76 76 76 76 76 76 76 76 76 76 76 76 76 76 76 76 76 76 76 76 76 76 76 76 76 76 76 76 76 76 76 76 76 76 76 76 76 76 76 76 76 76 76 76 76 76 76 76 76 76 76 76 76 76 76 76 76 76 76 76 76 76 76 76 76 76 76 76 76 76 76 76 76 76 76 76 76 76 76 76 76 76 76 76 76 76 76 76 76 76 76 76 76 76 76 76 76 76 76 76 76 76 76 76 76 76 76 76 76 76 76 76 76 76 76 76 76 76 76 76 76 76 76 76 76 76 76 76 76 76 76 76 76 76 76 76 76 76 76 76 76 76 76 76 76 76 76 76 76 76
2 74 0
195 45 64 48 62 63 73 59 59 71 43 77 40 49 43 45 72 40 63 48 50 56 43 61 48 67 61 56 63 55 49 76 52 50 67 59 51 51 51 49 65 79 47 59 79 76 74 40 79 58 49 58 52 63 77 76 40 60 76 53 42 47 75 40 42 55 80 72 52 44 78 72 41 40 48 57 58 66 78 69 74 65 68 41 63 74 64 79 45 67 42 78 43 80 73 60 55 78 64 70 53 43 65 47 42 40 74 64 70 65 71 71 77 49 72 67 65 61 73 79 53 43 61 60 66 45 78 45 61 54 68 47 64 74 62 55 72 40 75 43 75 72 40 52 58 43 67 66 51 52 47 59 48 47 67 51 53 68 56 40 67 57 68 47 47 74 43 71 41 61 63 73 78 70 61 59 60 69 66 47 60 59 54 50 78 74 48 41 48 49 52 76 76 42 73 68
2 35 67
122 0 0 0 0 0 0 0 0 0 0 0 0 0 0 0 0 0 0 0 0 0 0 0 0 0 0 0 0 0 0 0 0 0 0 0 0 0 0 0 0 0 0 0 0 0 0 0 0 0 0 0 0 0 0 0 0 0 0 0 0 0 0 0 0 0 0 0 0 0 0 0 0 0 0 0 0 0 0 0 0 0 0 0 0 0 0 0 0 0 0 0 0 0 0 0 0 0 0 0 0 72 0 0 0 0 0 0 0 0 0 0 0 0 0 0 0 0 0 0 0 0 0
2 89 97
179 68 98 66 25 87 0 28 50 63 31 9 72 40 4 70 43 1 86 44 41 39 6 37 53 70 74 23 41 100 13 77 49 35 76 74 43 28 51 21 36 92 49 18 98 55 45 88 91 73 59 76 99 48 96 91 64 22 55 81 80 70 47 35 77 59 65 85 94 59 45 51 60 97 37 56 99 34 30 91 77 92 21 38 29 48 0 90 80 77 11 20 5 63 79 32 63 55 5 45 31 94 83 69 55 52 95 88 92 12 14 64 13 27 28 46 69 93 99 27 62 8 90 5 51 12 64 30 50 31 25 1 0 16 73 94 65 43 18 39 57 32 88 59 13 100 64 3 64 62 73 42 77 67 4 70 90 43 13 74 48 90 30 98 7 82 43 21 63 62 65 93 44 35 42 56 63 19 17 20
2 79 54
151 65 45 68 54 96 95 59 21 31 53 88 29 52 93 22 81 54 49 50 32 84 93 7 17 81 58 69 36 78 88 94 23 41 84 74 63 40 17 88 35 72 22 9 87 88 73 78 32 11 7 52 82 65 2 88 62 86 18 45 69 41 80 68 18 49 78 8 81 90 44 85 98 4 61 38 56 56 98 4 17 62 33 88 76 63 55 2 65 85 43 67 68 37 85 98 55 28 70 99 2 18 36 44 38 77 37 4 43 20 92 44 38 98 8 77 33 4 91 77 30 84 62 6 12 13 99 46 63 94 75 94 99 5 54 32 24 71 69 38 100 85 83 75 36 90 72 31 90 21 34 17
117 49 58 43 55 49 41 50 55 70 42 65 44 44 67 64 73 54 54 76 80 54 49 78 59 62 59 55 71 44 80 49 72 68 49 75 63 42 46 80 43 61 64 46 64 44 73 62 68 62 75 69 79 56 42 55 78 44 79 75 67 74 53 48 65 64 82 74 73 59 75 47 80 54 75 45 67 78 72 64 76 65 70 42 66 72 82 74 70 81 51 59 44 47 45 80 61 77 45 56 44 60 64 49 74 72 51 55 54 73 51 46 58 45 81 76 64 81
122 73 63 44 47 73 85 46 56 81 67 52 54 56 78 51 84 50 73 87 52 61 58 80 59 47 60 55 73 61 73 55 44 57 78 49 86 73 52 69 71 85 47 81 70 58 71 53 57 80 78 54 54 87 46 78 67 88 71 48 63 62 59 56 77 85 80 82 62 75 79 54 49 69 52 72 54 79 79 73 87 49 60 47 69 67 65 48 47 46 86 62 76 63 60 84 68 67 70 71 78 80 53 77 44 67 58 76 58 66 81 70 71 79 82 53 85 79 73 47 86 48 45
126 49 45 43 48 42 41 43 45 42 42 44 49 42 47 44 48 42 44 42 49 42 47 49 43 40 42 47 48 43 47 43 40 47 43 44 44 43 40 46 46 43 50 40 47 43 49 41 43 50 46 41 50 43 49 47 50 50 49 43 46 42 45 46 46 40 44 40 43 40 41 49 100 40 41 41 40 42 40 40 46 48 49 47 43 40 46 48 43 47 45 48 43 50 49 49 50 41 46 49 42 48 44 42 49 46 40 48 46 42 46 42 40 50 41 44 41 44 46 45 46 43 40 46 40 44 50
153 52 69 71 72 46 51 65 56 54 73 59 55 69 73 51 64 42 47 72 50 46 71 43 45 76 74 42 74 73 56 76 73 58 53 61 72 49 49 72 71 60 49 41 53 74 41 67 72 74 40 40 70 50 45 53 61 72 75 47 68 50 47 48 41 74 60 67 58 46 64 76 75 39 56 70 75 55 74 55 40 50 65 74 39 70 57 53 44 47 65 46 65 47 49 69 69 70 42 76 45 56 48 54 74 40 66 54 68 47 62 52 64 53 59 55 46 74 74 67 68 58 43 72 44 41 74 58 51 50 49 49 51 50 63 45 72 69 41 70 39 54 40 61 56 48 56 46 42 49 38 74 72 61
134 96 36 28 35 6 92 66 43 14 54 74 33 25 20 80 64 88 45 61 18 76 60 79 26 86 90 17 26 48 21 9 33 17 85 16 4 100 69 23 29 10 34 11 12 3 43 64 0 17 4 80 87 5 29 63 56 81 36 92 45 23 19 78 27 18 88 79 50 80 49 96 58 23 88 95 99 20 35 90 20 25 8 19 24 2 12 22 90 24 99 44 4 29 75 75 77 86 23 100 59 50 49 65 0 32 91 93 62 72 40 31 18 85 82 0 1 85 27 50 61 85 44 41 55 78 59 43 17 97 36 9 92 69 45
50 14 7 41 17 66 0 43 29 27 37 67 72 90 31 80 79 62 46 97 68 34 9 21 48 83 62 15 27 100 41 17 50 57 17 68 67 67 17 5 48 96 98 51 39 86 80 1 45 76 98
173 47 49 44 43 47 50 45 44 45 46 46 48 46 50 50 43 45 48 47 44 49 43 44 48 48 45 49 42 45 42 43 44 49 50 45 44 42 50 45 42 47 45 45 46 50 44 45 49 47 43 42 45 47 49 43 45 42 44 50 44 48 100 44 43 50 47 44 46 45 42 50 48 48 48 42 46 49 48 42 48 43 48 43 42 49 43 45 50 44 47 45 47 47 45 49 46 43 48 44 50 46 48 47 48 45 50 48 42 44 47 47 45 42 46 46 42 43 42 47 44 42 46 50 48 44 49 45 43 45 44 45 47 42 46 43 45 50 47 46 50 47 49 48 44 46 49 46 45 45 50 49 44 50 45 48 44 42 48 42 45 44 47 50 44 43 48 49 42 46 44 42 46 48
