50
37601 65329
1925863 1925863
2370 7678
1327387 1525768
1006925 1916189
1088137 1985030
831477 831477
1033611 1909070
1436328 1519073
1000000 1000000
1050602 1996336
1182976 1408478
1052969 1956332
111673 253322
484060 915654
1040838 1982204
1053201 1994615
1519565 1982496
1109835 1451076
753 820
1003700 1988753
1014530 1973260
1079541 1926338
824978 950692
1060251 1954613
89434 91577
1378368 1387117
267747 311124
3599 8607
184 638
32273 42850
247898 259999
1081096 1979687
1022484 1999074
34 67
1074061 1947461
2038 3124
480301 534327
3873 7891
1097960 1970568
2 3
1045212 1960042
65880 68722
10 11
36643 80960
45 56
100000 999999
10000 99999
226 651
1534930 1828909
