20
0 0.0638095
1 0.0761905
2 0.06
3 0.0209524
4 0.0533333
5 0.0580952
6 0.0457143
7 0.0695238
8 0.072381
9 0.0190476
10 0.00380952
11 0.0438095
12 0.0419048
13 0.0657143
14 0.0390476
15 0.0333333
16 0.0180952
17 0.0780952
18 0.0580952
19 0.0790476
100
6 11 10098
0 10 83
5 14 10037
0 7 4
2 12 80078
4 8 26
0 13 100098
7 17 95
0 6 30
3 17 60091
9 17 67
12 19 64
8 13 84
0 3 88
15 19 40039
1 19 88
1 17 12
10 14 20067
7 13 93
2 16 20011
0 1 74
7 9 84
4 16 34
12 13 50096
3 15 73
6 17 28
4 14 20077
2 14 18
4 15 49
3 19 98
15 17 40094
1 10 19
6 14 60066
1 9 39
11 15 10066
3 11 20011
5 17 40080
0 17 96
8 17 91
6 7 88
14 19 70
13 16 10056
5 7 94
1 18 11
4 13 20034
10 13 30066
2 3 61
11 12 52
10 18 40091
4 18 13
3 7 4009
2 8 14
7 15 27
9 19 23
3 14 40034
8 19 77
13 17 70094
9 11 57
11 17 57
3 5 10085
9 13 50
0 2 20091
5 15 66
4 10 57
0 5 10063
2 15 76
2 19 70096
11 19 76
16 17 8
4 12 45
6 16 60054
12 15 14
10 16 69
5 10 30061
8 9 36
1 13 21
5 9 20018
14 15 71
8 15 60
11 16 30017
4 19 67
11 14 35
9 10 5004
1 3 26
10 15 96
7 16 90061
4 9 62
0 8 20080
12 14 67
8 11 67
4 5 103
5 12 49
1 16 20016
6 18 75
0 18 31
13 14 7008
5 8 80
5 13 35
1 8 60088
1 6 30064
